10430757
10739754
10952871
11113824
11706389
11830488
11845408
11850618
11868161
1190822
11982762
12471561
12637671
14684683
14702087
14982824
15280904
15461630
15637723
15841483
15945070
15958501
16098016
16261342
16459341
16575392
16928994
17066295
17273967
17285242
17431681
17503326
1757853
17661825
17710231
1790928
18179891
18199800
18304496
18325041
18657636
19118816
19206169
19409520
19425169
19615667
19732867
19828703
19878917
20054564
20091385
20137778
20683927
20826268
21057262
21205713
21350122
21629298
21660509
21998596
22422768
22744658
22772368
22863194
22939636
23063621
23084290
23404334
23434115
24131138
24156255
24334290
24344637
24482476
24531968
24736735
24899048
24913602
25038750
25124994
25307056
25331638
25758993
25876182
25938801
25954033
26123727
26142438
26188006
26196677
26197441
26208961
26238514
26416264
26494905
26561570
26598328
26740388
26849169
26867732
26981933
26996948
26996949
27040692
27162350
27274160
27330106
27657680
2766660
27694521
2769722
27839872
27843125
28180185
28600438
28972538
29048736
29107558
29330545
29392890
29573052
29590114
29703829
29726066
30403323
30451973
30528822
30622326
30804514
31110234
31231791
31273342
31314961
31353022
31374204
31397523
31570889
31613795
31630789
31649276
31777803
31819945
31996837
32041641
32163377
32220290
32473092
32502391
3372762
4951423
5571218
7077621
7627690
7803799
8825931
8841193
8852669
8983665
9096364